NUMPOLLIES 150
8.0 -2.0 8.0 0.0 1.0 0.0 8.0 8.0
8.0 -2.0 -8.0 0.0 1.0 0.0 8.0 0.0
-8.0 -2.0 -8.0 0.0 1.0 0.0 0.0 0.0

8.0 -2.0 8.0 0.0 1.0 0.0 8.0 8.0
-8.0 -2.0 -8.0 0.0 1.0 0.0 0.0 0.0
-8.0 -2.0 8.0 0.0 1.0 0.0 0.0 8.0

8.0 -3.0 -8.0 0.0 -1.0 0.0 8.0 8.0
8.0 -3.0 8.0 0.0 -1.0 0.0 8.0 0.0
-8.0 -3.0 8.0 0.0 -1.0 0.0 0.0 0.0

8.0 -3.0 -8.0 0.0 -1.0 0.0 8.0 8.0
-8.0 -3.0 8.0 0.0 -1.0 0.0 0.0 0.0
-8.0 -3.0 -8.0 0.0 -1.0 0.0 0.0 8.0

8.0 -2.0 -8.0 0.0 0.0 -1.0 8.0 1.0
8.0 -3.0 -8.0 0.0 0.0 -1.0 8.0 0.0
-8.0 -3.0 -8.0 0.0 0.0 -1.0 0.0 0.0

8.0 -2.0 -8.0 0.0 0.0 -1.0 8.0 1.0
-8.0 -3.0 -8.0 0.0 0.0 -1.0 0.0 0.0
-8.0 -2.0 -8.0 0.0 0.0 -1.0 0.0 1.0

8.0 -3.0 8.0 0.0 0.0 1.0 8.0 1.0
8.0 -2.0 8.0 0.0 0.0 1.0 8.0 0.0
-8.0 -2.0 8.0 0.0 0.0 1.0 0.0 0.0

8.0 -3.0 8.0 0.0 0.0 1.0 8.0 1.0
-8.0 -2.0 8.0 0.0 0.0 1.0 0.0 0.0
-8.0 -3.0 8.0 0.0 0.0 1.0 0.0 1.0

8.0 -2.0 -8.0 1.0 0.0 0.0 8.0 1.0
8.0 -2.0 8.0 1.0 0.0 0.0 0.0 1.0
8.0 -3.0 8.0 1.0 0.0 0.0 0.0 0.0

8.0 -2.0 -8.0 1.0 0.0 0.0 8.0 1.0
8.0 -3.0 8.0 1.0 0.0 0.0 0.0 0.0
8.0 -3.0 -8.0 1.0 0.0 0.0 8.0 0.0

-8.0 -2.0 8.0 -1.0 0.0 0.0 8.0 1.0
-8.0 -2.0 -8.0 -1.0 0.0 0.0 0.0 1.0
-8.0 -3.0 -8.0 -1.0 0.0 0.0 0.0 0.0

-8.0 -2.0 8.0 -1.0 0.0 0.0 8.0 1.0
-8.0 -3.0 -8.0 -1.0 0.0 0.0 0.0 0.0
-8.0 -3.0 8.0 -1.0 0.0 0.0 8.0 0.0

8.0 2.0 -8.0 0.0 -1.0 0.0 8.0 8.0
8.0 2.0 0.0 0.0 -1.0 0.0 8.0 0.0
-8.0 2.0 0.0 0.0 -1.0 0.0 0.0 0.0

8.0 2.0 -8.0 0.0 -1.0 0.0 8.0 8.0
-8.0 2.0 0.0 0.0 -1.0 0.0 0.0 0.0
-8.0 2.0 -8.0 0.0 -1.0 0.0 0.0 8.0

8.0 3.0 0.0 0.0 1.0 0.0 8.0 8.0
8.0 3.0 -8.0 0.0 1.0 0.0 8.0 0.0
-8.0 3.0 -8.0 0.0 1.0 0.0 0.0 0.0

8.0 3.0 0.0 0.0 1.0 0.0 8.0 8.0
-8.0 3.0 -8.0 0.0 1.0 0.0 0.0 0.0
-8.0 3.0 0.0 0.0 1.0 0.0 0.0 8.0

8.0 3.0 -8.0 0.0 0.0 -1.0 8.0 1.0
8.0 2.0 -8.0 0.0 0.0 -1.0 8.0 0.0
-8.0 2.0 -8.0 0.0 0.0 -1.0 0.0 0.0

8.0 3.0 -8.0 0.0 0.0 -1.0 8.0 1.0
-8.0 2.0 -8.0 0.0 0.0 -1.0 0.0 0.0
-8.0 3.0 -8.0 0.0 0.0 -1.0 0.0 1.0

8.0 2.0 0.0 0.0 0.0 1.0 8.0 1.0
8.0 3.0 0.0 0.0 0.0 1.0 8.0 0.0
-8.0 3.0 0.0 0.0 0.0 1.0 0.0 0.0

8.0 2.0 0.0 0.0 0.0 1.0 8.0 1.0
-8.0 3.0 0.0 0.0 0.0 1.0 0.0 0.0
-8.0 2.0 0.0 0.0 0.0 1.0 0.0 1.0

8.0 3.0 -8.0 1.0 0.0 0.0 4.0 1.0
8.0 3.0 0.0 1.0 0.0 0.0 0.0 1.0
8.0 2.0 0.0 1.0 0.0 0.0 0.0 0.0

8.0 3.0 -8.0 1.0 0.0 0.0 4.0 1.0
8.0 2.0 0.0 1.0 0.0 0.0 0.0 0.0
8.0 2.0 -8.0 1.0 0.0 0.0 4.0 0.0

-8.0 3.0 0.0 -1.0 0.0 0.0 4.0 1.0
-8.0 3.0 -8.0 -1.0 0.0 0.0 0.0 1.0
-8.0 2.0 -8.0 -1.0 0.0 0.0 0.0 0.0

-8.0 3.0 0.0 -1.0 0.0 0.0 4.0 1.0
-8.0 2.0 -8.0 -1.0 0.0 0.0 0.0 0.0
-8.0 2.0 0.0 -1.0 0.0 0.0 4.0 0.0

8.0 -2.0 -7.0 0.0 0.0 1.0 4.0 2.0
8.0 2.0 -7.0 0.0 0.0 1.0 4.0 0.0
-8.0 2.0 -7.0 0.0 0.0 1.0 0.0 0.0

8.0 -2.0 -7.0 0.0 0.0 1.0 4.0 2.0
-8.0 2.0 -7.0 0.0 0.0 1.0 0.0 0.0
-8.0 -2.0 -7.0 0.0 0.0 1.0 0.0 2.0

8.0 2.0 -8.0 0.0 0.0 -1.0 4.0 2.0
8.0 -2.0 -8.0 0.0 0.0 -1.0 4.0 0.0
-8.0 -2.0 -8.0 0.0 0.0 -1.0 0.0 0.0

8.0 2.0 -8.0 0.0 0.0 -1.0 4.0 2.0
-8.0 -2.0 -8.0 0.0 0.0 -1.0 0.0 0.0
-8.0 2.0 -8.0 0.0 0.0 -1.0 0.0 2.0

8.0 2.0 -8.0 1.0 0.0 0.0 4.0 2.0
8.0 2.0 8.0 1.0 0.0 0.0 0.0 2.0
8.0 -2.0 8.0 1.0 0.0 0.0 0.0 0.0

8.0 2.0 -8.0 1.0 0.0 0.0 4.0 2.0
8.0 -2.0 8.0 1.0 0.0 0.0 0.0 0.0
8.0 -2.0 -8.0 1.0 0.0 0.0 4.0 0.0

-8.0 2.0 8.0 -1.0 0.0 0.0 4.0 2.0
-8.0 2.0 -8.0 -1.0 0.0 0.0 0.0 2.0
-8.0 -2.0 -8.0 -1.0 0.0 0.0 0.0 0.0

-8.0 2.0 8.0 -1.0 0.0 0.0 4.0 2.0
-8.0 -2.0 -8.0 -1.0 0.0 0.0 0.0 0.0
-8.0 -2.0 8.0 -1.0 0.0 0.0 4.0 0.0

7.0 2.0 8.0 -1.0 0.0 0.0 4.0 2.0
7.0 2.0 -8.0 -1.0 0.0 0.0 0.0 2.0
7.0 -2.0 -8.0 -1.0 0.0 0.0 0.0 0.0

7.0 2.0 8.0 -1.0 0.0 0.0 4.0 2.0
7.0 -2.0 -8.0 -1.0 0.0 0.0 0.0 0.0
7.0 -2.0 8.0 -1.0 0.0 0.0 4.0 0.0

-7.0 2.0 -8.0 1.0 0.0 0.0 4.0 2.0
-7.0 2.0 8.0 1.0 0.0 0.0 0.0 2.0
-7.0 -2.0 8.0 1.0 0.0 0.0 0.0 0.0

-7.0 2.0 -8.0 1.0 0.0 0.0 4.0 2.0
-7.0 -2.0 8.0 1.0 0.0 0.0 0.0 0.0
-7.0 -2.0 -8.0 1.0 0.0 0.0 4.0 0.0

-7.0 -2.0 8.0 0.0 0.0 1.0 0.3 2.0
-7.0 2.0 8.0 0.0 0.0 1.0 0.3 0.0
-8.0 2.0 8.0 0.0 0.0 1.0 0.0 0.0

-7.0 -2.0 8.0 0.0 0.0 1.0 0.3 2.0
-8.0 2.0 8.0 0.0 0.0 1.0 0.0 0.0
-8.0 -2.0 8.0 0.0 0.0 1.0 0.0 2.0

8.0 -2.0 8.0 0.0 0.0 1.0 0.3 2.0
8.0 2.0 8.0 0.0 0.0 1.0 0.3 0.0
7.0 2.0 8.0 0.0 0.0 1.0 0.0 0.0

8.0 -2.0 8.0 0.0 0.0 1.0 0.3 2.0
7.0 2.0 8.0 0.0 0.0 1.0 0.0 0.0
7.0 -2.0 8.0 0.0 0.0 1.0 0.0 2.0

-7.0 2.0 8.0 0.0 1.0 0.0 4.0 0.5
-7.0 2.0 -8.0 0.0 1.0 0.0 0.0 0.5
-8.0 2.0 -8.0 0.0 1.0 0.0 0.0 0.0

-7.0 2.0 8.0 0.0 1.0 0.0 4.0 0.5
-8.0 2.0 -8.0 0.0 1.0 0.0 0.0 0.0
-8.0 2.0 8.0 0.0 1.0 0.0 4.0 0.0

8.0 2.0 8.0 0.0 1.0 0.0 4.0 0.5
8.0 2.0 -8.0 0.0 1.0 0.0 0.0 0.5
7.0 2.0 -8.0 0.0 1.0 0.0 0.0 0.0

8.0 2.0 8.0 0.0 1.0 0.0 4.0 0.5
7.0 2.0 -8.0 0.0 1.0 0.0 0.0 0.0
7.0 2.0 8.0 0.0 1.0 0.0 4.0 0.0

7.0 -2.0 8.0 0.0 0.0 1.0 3.5 2.0
7.0 2.0 8.0 0.0 0.0 1.0 3.5 0.0
-7.0 2.0 8.0 0.0 0.0 1.0 0.0 0.0

7.0 -2.0 8.0 0.0 0.0 1.0 3.5 2.0
-7.0 2.0 8.0 0.0 0.0 1.0 0.0 0.0
-7.0 -2.0 8.0 0.0 0.0 1.0 0.0 2.0

7.0 2.0 7.0 0.0 0.0 -1.0 12.3 1.0
7.0 -2.0 7.0 0.0 0.0 -1.0 12.3 0.0
-7.0 -2.0 7.0 0.0 0.0 -1.0 0.0 0.0

7.0 2.0 7.0 0.0 0.0 -1.0 12.3 1.0
-7.0 -2.0 7.0 0.0 0.0 -1.0 0.0 0.0
-7.0 2.0 7.0 0.0 0.0 -1.0 0.0 1.0

7.0 2.0 8.0 0.0 1.0 0.0 3.5 0.5
7.0 2.0 7.0 0.0 1.0 0.0 3.5 0.0
-7.0 2.0 7.0 0.0 1.0 0.0 0.0 0.0

7.0 2.0 8.0 0.0 1.0 0.0 3.5 0.5
-7.0 2.0 7.0 0.0 1.0 0.0 0.0 0.0
-7.0 2.0 8.0 0.0 1.0 0.0 0.0 0.5

